2 162861 383684 
3 162541 383652 
4 161975 383618 
5 162577 383340 
6 162981 383290 
7 161885 383142 
8 162221 383150 
9 163791 383337 
12 163361 383244 
20 163683 383800 
21 163351 383624 
22 161349 383844 
23 161151 383574 
24 161115 383255 
25 161431 382904 
26 161119 383433 
27 161471 383469 
28 161352 383554 
29 161253 383132 
30 161753 383046 
31 161105 382954 
32 161745 382831 
34 162293 384084 
35 161529 383636 
36 160905 383260 
37 161793 382584 
38 161875 382318 
39 161867 382740 
40 161635 380421 
41 161525 379731 
42 161905 381974 
43 161843 381657 
44 162097 381907 
45 161719 380967 
46 161781 381329 
47 162521 381269 
48 162407 381545 
49 162073 382708 
50 163079 382458 
51 162295 381171 
52 162255 380827 
53 162101 380785 
54 161811 380825 
55 164185 382194 
56 162659 382162 
57 162475 382444 
58 162387 381928 
59 162091 382336 
60 162593 382518 
61 162705 380695 
62 162585 381035 
63 161367 380889 
64 162991 381879 
65 163301 381711 
66 163495 382145 
67 162593 381754 
68 162931 381452 
69 163109 381263 
70 163291 381073 
71 163551 380911 
72 163903 381041 
73 163907 381355 
74 163561 381531 
75 159915 381968 
76 159149 381224 
77 158693 381168 
78 160199 382312 
79 158619 381002 
80 158365 381260 
81 158853 381338 
82 159601 381637 
83 160317 380386 
84 160905 382646 
85 160877 382388 
86 160689 381978 
87 158129 381314 
88 159597 382054 
89 159499 381612 
90 160525 381582 
91 160365 381450 
92 160199 381120 
93 159901 381230 
94 159593 381188 
95 159321 381192 
96 159017 381162 
97 159091 380916 
98 159019 380682 
99 158699 380730 
100 158441 380670 
101 158139 380298 
102 160913 380883 
103 160433 380902 
104 160163 379718 
105 159471 380102 
107 160145 380620 
108 160505 382673 
110 160737 383622 
123 159561 383525 
124 159772 383148 
125 160189 382990 
126 160453 383307 
127 159979 383242 
130 158014 381542 
133 158487 381944 
134 158153 381844 
135 159493 382402 
136 159007 382248 
137 158165 382186 
140 158561 382306 
143 159001 383258 
144 159257 383331 
153 161239 384286 
526 159976 373443 
527 159744 373333 
528 160306 374785 
529 159250 374415 
530 159290 374153 
531 160366 373954 
532 159636 374661 
533 159490 373643 
534 159036 373525 
535 159102 374969 
536 160866 374089 
537 160588 374675 
538 160508 373665 
539 158002 374071 
540 157826 374590 
541 158396 374033 
542 158032 375170 
543 158348 373393 
544 157886 373205 
545 157794 372875 
546 155374 371139 
547 155050 371001 
548 156762 372257 
549 156026 371419 
550 155861 371656 
551 154242 370495 
555 152794 369411 
556 152960 370495 
557 152564 370477 
593 152774 376632 
594 156841 376782 
595 154653 374912 
596 154918 373694 
612 161449 379193 
613 161085 378072 
614 161209 378464 
615 160884 377214 
616 160534 375734 
617 159099 377697 
618 160700 379060 
619 158524 378470 
620 160954 378630 
621 160656 378286 
622 160064 378084 
623 159650 377844 
624 159384 377678 
625 159244 377144 
626 158958 377762 
627 158789 377827 
628 160180 379346 
629 161954 379153 
630 162426 378951 
631 162070 378599 
632 159080 376060 
633 157161 379806 
634 154938 378226 
635 156331 381440 
636 156501 380980 
637 156901 379652 
638 157643 380824 
639 157461 380332 
640 156465 380460 
641 156771 380122 
642 154366 377526 
643 156759 378424 
644 155587 380158 
645 156721 381030 
646 155233 380022 
647 155957 380842 
648 155375 381143 
650 157259 381160 
651 157629 381282 
652 156665 381598 
653 154849 380379 
654 157625 379838 
655 157065 381738 
656 155922 379962 
657 156038 379528 
658 156193 380125 
659 156703 379307 
660 155735 379005 
661 155662 379350 
662 155548 379044 
663 157207 382181 
668 156131 381962 
