0 164303 384756 
1 164040 384714 
2 162861 383684 
3 162541 383652 
4 161975 383618 
5 162577 383340 
6 162981 383290 
7 161885 383142 
8 162221 383150 
9 163791 383337 
10 164273 384992 
11 163721 384714 
12 163361 383244 
13 164013 383330 
14 164155 383372 
15 164409 383554 
16 164309 384010 
17 164227 384310 
18 164055 384326 
19 163815 384034 
20 163683 383800 
21 163351 383624 
22 161349 383844 
23 161151 383574 
24 161115 383255 
25 161431 382904 
26 161119 383433 
27 161471 383469 
28 161352 383554 
29 161253 383132 
30 161753 383046 
31 161105 382954 
32 161745 382831 
33 162703 384142 
34 162293 384084 
35 161529 383636 
36 160905 383260 
37 161793 382584 
38 161875 382318 
39 161867 382740 
40 161635 380421 
41 161525 379731 
42 161905 381974 
43 161843 381657 
44 162097 381907 
45 161719 380967 
46 161781 381329 
47 162521 381269 
48 162407 381545 
49 162073 382708 
50 163079 382458 
51 162295 381171 
52 162255 380827 
53 162101 380785 
54 161811 380825 
55 164185 382194 
56 162659 382162 
57 162475 382444 
58 162387 381928 
59 162091 382336 
60 162593 382518 
61 162705 380695 
62 162585 381035 
63 161367 380889 
64 162991 381879 
65 163301 381711 
66 163495 382145 
67 162593 381754 
68 162931 381452 
69 163109 381263 
70 163291 381073 
71 163551 380911 
72 163903 381041 
73 163907 381355 
74 163561 381531 
75 159915 381968 
76 159149 381224 
77 158693 381168 
78 160199 382312 
79 158619 381002 
80 158365 381260 
81 158853 381338 
82 159601 381637 
83 160317 380386 
84 160905 382646 
85 160877 382388 
86 160689 381978 
87 158129 381314 
88 159597 382054 
89 159499 381612 
90 160525 381582 
91 160365 381450 
92 160199 381120 
93 159901 381230 
94 159593 381188 
95 159321 381192 
96 159017 381162 
97 159091 380916 
98 159019 380682 
99 158699 380730 
100 158441 380670 
101 158139 380298 
102 160913 380883 
103 160433 380902 
104 160163 379718 
105 159471 380102 
107 160145 380620 
108 160505 382673 
109 160249 383982 
110 160737 383622 
111 159831 383968 
112 158895 383834 
113 159417 384020 
114 158369 383492 
115 157817 383124 
116 157047 382874 
117 155297 385374 
118 155430 382811 
119 156100 384512 
120 155987 385018 
121 155454 385246 
122 159989 383721 
123 159561 383525 
124 159772 383148 
125 160189 382990 
126 160453 383307 
127 159979 383242 
128 157349 386218 
129 156900 385939 
130 158014 381542 
131 159437 384414 
132 158987 384318 
133 158487 381944 
134 158153 381844 
135 159493 382402 
136 159007 382248 
137 158165 382186 
138 158453 383938 
139 158229 383643 
140 158561 382306 
141 158393 383404 
142 158715 383334 
143 159001 383258 
144 159257 383331 
145 157504 382452 
146 155682 383140 
147 156895 383426 
148 156671 383848 
149 156375 384206 
150 155189 383513 
151 155311 386860 
152 161109 386272 
153 161239 384286 
154 161289 384686 
155 161283 385054 
156 161233 385344 
157 161183 385731 
158 161737 384750 
159 162111 385014 
160 162123 385230 
161 161083 384402 
162 160928 384661 
164 160819 384026 
165 160483 384564 
166 160817 384948 
167 160827 385184 
168 160823 385444 
169 160743 385792 
170 160817 386152 
171 161637 385438 
172 161633 385669 
173 161609 386093 
174 162011 385622 
175 162041 386080 
176 162158 386371 
177 159787 385682 
178 160213 384998 
179 160023 385297 
180 160847 386466 
181 160369 386847 
182 160069 387323 
183 159909 387570 
184 161223 386494 
185 158915 387075 
186 158501 387741 
187 159143 386714 
188 159735 387952 
189 161625 386482 
190 162165 386491 
191 162767 386464 
192 159867 386378 
193 160299 386280 
194 159579 386952 
195 160055 386130 
196 158013 388535 
197 159429 388199 
198 159363 387972 
199 159048 387739 
200 158787 388008 
201 158506 388348 
202 158443 388547 
203 158694 388908 
204 159193 389097 
205 159477 389070 
206 161367 386710 
207 161401 387098 
208 161419 387368 
209 161297 387802 
210 161301 388074 
211 161333 388604 
212 161283 388880 
213 161147 389113 
214 160927 386606 
215 160771 386886 
216 160641 387111 
217 160567 387284 
218 160505 387600 
219 160489 387888 
220 160259 388034 
221 160149 388218 
222 159999 388396 
223 160101 388684 
224 160359 388324 
225 160435 388648 
226 162173 386607 
227 162264 386749 
228 162321 387158 
229 162357 387466 
230 162269 387688 
231 162583 387560 
232 162891 387666 
233 162897 387928 
234 162951 388276 
235 162651 388354 
236 162323 388216 
237 159554 388661 
238 157529 387620 
239 157219 387802 
240 157357 388058 
241 157923 387404 
242 158363 386874 
244 157873 387786 
245 159110 387380 
246 155081 391232 
247 155583 389656 
248 155509 390036 
249 155613 391500 
250 155851 391186 
251 155429 390404 
252 155705 390618 
253 155729 389476 
254 156259 389774 
255 156483 389924 
256 156893 390144 
257 157315 389644 
258 154531 391128 
259 154263 389776 
260 153963 390204 
261 153895 390576 
262 154957 389142 
263 154811 389720 
264 153241 390840 
265 153645 390916 
266 154223 387551 
267 151803 390731 
268 150159 390761 
269 149684 390667 
270 151443 390669 
271 150321 390598 
272 162273 392468 
273 161821 392938 
274 161827 392784 
275 162495 392574 
276 161515 392916 
277 161055 392670 
278 159591 389862 
279 160043 389894 
280 160569 390080 
281 160558 390271 
282 163579 391730 
283 164027 392203 
284 163907 392356 
285 163725 392328 
286 163467 392020 
287 163983 391974 
288 163299 392416 
289 166688 387024 
290 164292 386452 
291 166898 386460 
292 165584 386680 
293 166284 386808 
294 166262 387914 
295 166392 387608 
296 166260 387334 
297 166482 387252 
298 167410 387794 
299 167758 387392 
300 167542 387104 
301 167472 386888 
302 167110 386874 
303 166870 386990 
304 166524 386578 
305 166484 386272 
306 166562 385900 
307 166410 385770 
308 165920 385704 
309 165846 385336 
310 165001 381994 
311 166171 381710 
312 167667 382146 
313 167917 381504 
314 167373 380950 
315 165367 381680 
316 166111 380590 
317 167641 380942 
318 168027 380830 
319 168483 380906 
320 168407 381248 
321 166888 381592 
322 166801 381640 
323 165745 381812 
324 167011 382238 
325 166849 380970 
326 167905 381148 
327 168239 381608 
328 167311 382422 
329 171129 384161 
330 169335 382982 
331 170301 383504 
332 171741 384102 
333 170653 383286 
334 170961 383522 
335 171191 383252 
336 171729 383684 
337 171633 383364 
338 171385 383010 
339 170282 383593 
340 171046 385436 
341 170433 385305 
342 171931 385654 
343 172205 385784 
344 172521 385866 
345 172917 386382 
346 172417 386750 
347 172171 386471 
348 172119 386066 
349 173015 386788 
350 172523 387478 
351 172751 387122 
352 171747 388130 
353 171039 388632 
354 172685 388058 
355 172867 388238 
356 172875 389444 
357 172353 387880 
358 172823 388546 
359 174101 387468 
360 173121 387748 
361 173707 387662 
362 174935 388284 
363 173833 387994 
364 173777 387738 
365 174128 388319 
366 174781 387882 
367 173845 388248 
368 174785 387636 
369 174823 388262 
370 174503 388190 
371 173759 388546 
372 174579 389502 
373 174365 389178 
374 174957 388770 
375 174636 388993 
376 174973 389196 
377 174605 389834 
378 174629 389962 
379 174517 390122 
380 174159 390146 
381 174051 390018 
382 174259 389806 
383 174375 389445 
384 174291 388822 
385 174055 388634 
386 175267 388452 
387 175655 388262 
388 175027 387554 
389 175267 387516 
390 175501 387404 
391 175821 387342 
392 175577 387658 
393 175513 387874 
394 175451 388116 
395 175779 387586 
396 175239 387028 
397 175285 386252 
399 176137 385428 
400 175755 385991 
401 175989 386433 
402 177251 386634 
403 176656 386962 
404 177207 386212 
405 177226 385574 
406 176817 385368 
407 176512 385704 
408 176561 386044 
409 176568 386556 
410 176579 388822 
412 177401 387388 
413 177151 387096 
414 176541 387922 
415 176579 387404 
416 177541 386969 
417 176905 387678 
418 177821 389314 
423 181187 390352 
429 183901 395134 
432 184765 397177 
448 182870 385344 
454 182835 384498 
463 186402 379158 
469 188335 374740 
470 187824 377012 
474 187270 377914 
477 179293 378880 
483 176912 377500 
484 177714 377564 
485 177202 377356 
486 177780 377234 
487 177634 377984 
488 177670 376958 
489 178092 377626 
490 177517 378300 
491 176017 378948 
492 175493 382272 
493 175515 381142 
499 167876 361172 
507 168229 364987 
521 165925 373428 
522 166513 373366 
524 167584 371926 
526 159976 373443 
527 159744 373333 
528 160306 374785 
529 159250 374415 
530 159290 374153 
531 160366 373954 
532 159636 374661 
533 159490 373643 
534 159036 373525 
535 159102 374969 
536 160866 374089 
537 160588 374675 
538 160508 373665 
539 158002 374071 
540 157826 374590 
541 158396 374033 
542 158032 375170 
543 158348 373393 
544 157886 373205 
545 157794 372875 
546 155374 371139 
547 155050 371001 
548 156762 372257 
549 156026 371419 
550 155861 371656 
551 154242 370495 
555 152794 369411 
556 152960 370495 
557 152564 370477 
558 152350 370113 
565 149810 365961 
572 139502 374738 
574 143226 374726 
580 145409 375805 
581 146073 375705 
582 146609 375625 
583 148609 375131 
584 148147 375339 
585 150344 375099 
586 151380 375720 
587 150525 374507 
588 149201 374505 
589 150363 374283 
590 149337 374119 
591 150009 374154 
592 149637 373827 
593 152774 376632 
594 156841 376782 
595 154653 374912 
596 154918 373694 
597 146523 379087 
598 146642 378484 
599 146550 378840 
600 148432 381276 
601 147273 380162 
602 148062 381106 
603 151777 383745 
604 151303 383663 
605 150691 383325 
606 152180 383590 
607 154463 381100 
608 153791 381432 
609 153273 382221 
610 153545 381960 
611 153681 381624 
612 161449 379193 
613 161085 378072 
614 161209 378464 
615 160884 377214 
616 160534 375734 
617 159099 377697 
618 160700 379060 
619 158524 378470 
620 160954 378630 
621 160656 378286 
622 160064 378084 
623 159650 377844 
624 159384 377678 
625 159244 377144 
626 158958 377762 
627 158789 377827 
628 160180 379346 
629 161954 379153 
630 162426 378951 
631 162070 378599 
632 159080 376060 
633 157161 379806 
634 154938 378226 
635 156331 381440 
636 156501 380980 
637 156901 379652 
638 157643 380824 
639 157461 380332 
640 156465 380460 
641 156771 380122 
642 154366 377526 
643 156759 378424 
644 155587 380158 
645 156721 381030 
646 155233 380022 
647 155957 380842 
648 155375 381143 
649 154941 380982 
650 157259 381160 
651 157629 381282 
652 156665 381598 
653 154849 380379 
654 157625 379838 
655 157065 381738 
656 155922 379962 
657 156038 379528 
658 156193 380125 
659 156703 379307 
660 155735 379005 
661 155662 379350 
662 155548 379044 
663 157207 382181 
664 155341 381566 
665 155329 381954 
666 155232 382548 
667 156147 382554 
668 156131 381962 
669 156124 382643 
670 171855 394442 
672 172423 394861 
673 172343 393462 
675 173531 394897 
676 171245 392663 
683 172687 406952 
689 174201 404564 
694 167519 402116 
695 165993 403191 
726 173135 391444 
727 172721 390911 
728 172829 390751 
729 172877 391387 
730 170279 392219 
731 167873 390267 
732 170699 392495 
733 168727 391567 
734 169767 392217 
735 169267 391859 
736 169431 392125 
737 168115 390875 
738 166906 388378 
739 167350 388860 
740 167632 389484 
746 167719 377354 
